ORTHANT-1 G 1 1
SIMPLEX-1 G 1 1
ORTHANT-2 G 2 1 0 0 1
SIMPLEX-2 G 2 1 -1 -1 2
ORTHANT-3 G 3 1 0 0 0 1 0 0 0 1
SIMPLEX-3 G 3 1 0 -1 0 1 -1 -1 -1 3
ORTHANT-4 G 4 1 0 0 0 0 1 0 0 0 0 1 0 0 0 0 1
SIMPLEX-4 G 4 1 0 0 -1 0 1 0 -1 0 0 1 -1 -1 -1 -1 4
ORTHANT-5 G 5 1 0 0 0 0 0 1 0 0 0 0 0 1 0 0 0 0 0 1 0 0 0 0 0 1
SIMPLEX-5 G 5 1 0 0 0 -1 0 1 0 0 -1 0 0 1 0 -1 0 0 0 1 -1 -1 -1 -1 -1 5
ORTHANT-6 G 6 1 0 0 0 0 0 0 1 0 0 0 0 0 0 1 0 0 0 0 0 0 1 0 0 0 0 0 0 1 0 0 0 0 0 0 1
SIMPLEX-6 G 6 1 0 0 0 0 -1 0 1 0 0 0 -1 0 0 1 0 0 -1 0 0 0 1 0 -1 0 0 0 0 1 -1 -1 -1 -1 -1 -1 6
ORTHANT-7 G 7 1 0 0 0 0 0 0 0 1 0 0 0 0 0 0 0 1 0 0 0 0 0 0 0 1 0 0 0 0 0 0 0 1 0 0 0 0 0 0 0 1 0 0 0 0 0 0 0 1
SIMPLEX-7 G 7 1 0 0 0 0 0 -1 0 1 0 0 0 0 -1 0 0 1 0 0 0 -1 0 0 0 1 0 0 -1 0 0 0 0 1 0 -1 0 0 0 0 0 1 -1 -1 -1 -1 -1 -1 -1 7
ORTHANT-8 G 8 1 0 0 0 0 0 0 0 0 1 0 0 0 0 0 0 0 0 1 0 0 0 0 0 0 0 0 1 0 0 0 0 0 0 0 0 1 0 0 0 0 0 0 0 0 1 0 0 0 0 0 0 0 0 1 0 0 0 0 0 0 0 0 1
SIMPLEX-8 G 8 1 0 0 0 0 0 0 -1 0 1 0 0 0 0 0 -1 0 0 1 0 0 0 0 -1 0 0 0 1 0 0 0 -1 0 0 0 0 1 0 0 -1 0 0 0 0 0 1 0 -1 0 0 0 0 0 0 1 -1 -1 -1 -1 -1 -1 -1 -1 8
METRIC-4 G 2 1 4 4 17
